545452401
052140404
512240413
524043112
211004335
300444414
213520215
250100345
132352025
021335524
301314451
213255420
030301552
213420334
544540205
105512423
111433041
110022311
242030540
433551232
510213450
151244405
335405324
355453411
334032051
324020245
340112411
320403532
152542005
002315013
003054523
524532311
145325502
423103231
411544440
505025332
325345315
421152452
231305044
310011400
122434140
521542340
251154525
002101031
053523504
244113304
422033341
424444145
322111454
133004233
003233035
015520552
220055111
242211210
353000505
550334410
341243301
414323254
550254121
005103115
132212033
105440251
412235415
054355343
244445022
341052115
034003152
534223325
215015153
013134004
430251553
214431033
552225455
322010103
101402441
030341542
212231203
045543250
400013344
141204101
353522534
510152534
101341312
231223324
505400142
352252455
054133010
304514540
333152043
551041241
420330402
543503041
224015525
205445111
013453323
052121431
030142533
511122430
225005112
152050430
443432443
301515245
000000000
222222222
444444444
555555555
111111111
333333333
100100100
225225225
344344344
255255255
443113110
334331001
004004004
225225225
143143143
552552552
304311314
130133140
200400544
324321324
332440115
111555030
400215215
235235143
244100504
150321150
105441132
313552434
000215245
532232343
512004404
105441132
430252315
343515445
132332100
001001231
421522415
544340343
222553521
303115540
244533010
000000000
222222222
444444444
555555555
111111111
333333333
001001001
225225225
443443443
255255255
110113443
001331334
105101100
123523223
004443445
222552112
033315445
305135440
001401443
230222452
204043345
223553115
533115401
510235140
401001243
230225450
304444530
513355321
241112402
511235035
114003045
251522135
443440302
224251015
230215315
004335341
314403145
251525135
230440443
315551420
002212314
001332205
541304413
052122534
003344244
511255122
004315213
001235305
000000000
222222222
444444444
555555555
111111111
333333333
300100200
233222255
544344144
155152153
012112144
300335435
012000531
452122032
045043044
113553324
544512103
541235312
003100203
222523551
144444444
325152153
135312000
012135435
444000012
522125450
441444303
055253021
332113101
315235532
404304004
325125152
341043342
523552132
210315500
510132144
244300312
525125452
340043345
231255135
441115100
310232400
402401233
325225452
340043345
231251134
541115400
510532100
105001030
423522255
445044041
114353221
244115312
303532530
002301014
325225213
345044441
115355223
144315400
105532230
411103202
420221315
541444104
052252553
132513503
000335443
430400440
230122510
341043305
223555355
214213102
145235114
533300143
015221032
044044004
553555322
411213541
201235412
135104442
312323420
114040241
155555053
442212000
303231535
542304100
330222151
315043445
050552354
301312402
242131514
542303105
021522333
212444241
150552054
300312304
404131515
303100544
024322321
514040440
350555150
235112531
242331142
445001303
025522021
400144504
253153250
231315133
244132541
445001303
022521022
405441004
153253550
234312131
241135543
343003310
421222331
234440040
534551122
501515204
545531012
145004511
324322215
245041100
154253214
234512033
040535303
503104140
052122521
003143544
453255210
432315543
104332201
241301105
052525323
331040015
421155015
445312244
402332043
232004511
430321254
514044133
223552410
043512103
005532145
541103501
552522533
332444011
423355253
401112004
402132040
240004002
335225013
135341215
351551321
440312204
144532504
541004404
023123355
234044410
111552353
002312240
231532515
540104502
335225013
130340212
123155153
405312204
144532044
204100545
323223155
232040412
310155153
144512540
031332044
204100545
323223155
232040412
310155153
144512540
031332044
200103544
123522311
514440432
510355353
141512504
202332040
204404140
313525321
414340032
521351350
441512502
000000000
222222222
444444444
555555555
111111111
333333333
000000000
125125125
444444444
253253253
513513513
231231231
000000000
121121121
444444444
353353353
515515515
232232232
004004004
321321321
440440440
153153153
515215515
232532232
004004004
322325325
000444444
551251251
233213513
231531511
440000000
325325322
044044444
155152152
332312231
513135115
000000444
223223523
044044044
155155152
132112115
332335315
133401001
324222225
145341343
110553255
544512002
004335304
103103332
520223451
103444415
012252453
043311405
342535001
103103332
522225451
441140543
512152552
040313401
344532000
204003013
355521024
043444244
430555115
102212511
231233305
002100334
151223525
240444443
133252212
505511014
331535004
002100334
155221524
043444244
433552112
502512011
331533005
000000000
222222222
444444444
555555555
111111111
333333333
100300300
523523524
444444113
122155055
002312312
135135442
334004004
223223220
043041141
224551551
500511335
112533544
100003444
525525322
140140343
152155421
045313334
210231205
044400201
124521221
344040043
552255553
311211235
015333430
145403142
411222153
513143504
222553354
000215300
400133542
332000441
050125415
133044412
032552023
405215315
241332541
101001402
050521423
511444034
220355535
544212243
332135103
015003205
113225352
440444340
225253324
101511402
430533115
400104210
255223314
044040240
321252253
535513131
501531443
312400342
155125311
103343405
455255135
012213004
042232440
345000104
010222250
232144333
032253454
443515141
105132515
205104102
420125115
330044435
154355020
345212342
401335213
115103144
313522123
500044240
234552225
201515004
544133033
