000000000
222222222
444444444
555555555
111111111
333333333
404404404
523523523
040040040
152152152
135213135
312531312
003403003
212222222
104144104
555553555
111513040
444231333
004300501
325123415
014441042
222555031
333212541
243535401
505004204
351221152
042443315
413253123
401513042
530235410
343103501
425525231
135440445
420555010
213212204
042331103
501100041
213223050
044440202
324152452
135315445
513235133
402300312
351522315
042443103
431255555
501213412
040231440
415404405
155125010
440140531
353355231
202212433
301232240
400103512
233521153
235044245
135155050
344212100
444232103
533000011
011325421
442444034
123355313
400512545
215532202
003301401
252221520
445443143
415552522
103313011
442535300
132404312
031225133
531140444
422555310
005215300
445231502
144004044
235122534
314140202
550152023
531215340
301535231
044300002
532125033
002443411
325552425
144115103
145235312
433400505
453323111
233441540
552252123
114215200
044135002
202400541
125521010
444443333
123253251
002315013
505235414
440400402
331122455
442140031
152555023
110211245
333332505
001103341
253523510
505440112
325255314
130315444
442232200
534404110
224125323
510440001
113353420
405512341
502535232
540400045
255222134
305443214
424555313
133115110
001332202
142001042
354523354
310043101
122251425
005312435
045135342
113001100
553221550
031444202
025355422
442512445
133133403
403004514
430525255
201344433
525252013
310113241
101532042
202404145
025325312
033041401
051251550
415212341
403533234
540104043
521221452
512043001
334555423
104312330
541135202
543004014
215522354
405344210
121351332
004215043
231532105
010001142
551221112
532040045
352253354
344512330
441233504
145404410
412323154
003040103
420555521
532211343
235532210
114004342
213125150
205344500
425352120
413515300
441233532
544300001
350125425
342441031
354252231
114113502
243235500
332101101
325221251
432440544
055355225
043215443
004133001
400000032
555522134
040444105
223552353
211111311
